0 0
0 0
0 0
0 0
0 0
0 0
0 0
0 0
0 0
0 0
1 0
1 0
1 0
1 0
1 0
1 0
1 0
1 0
1 0
1 0
2 0
2 0
2 0
2 0
2 0
2 0
2 0
2 0
2 0
2 0
3 0
3 0
3 0
3 0
3 0
3 0
3 0
3 0
3 0
3 0
4 0
4 0
4 0
4 0
4 0
4 0
4 0
4 0
4 0
4 0
5 0
5 0
5 0
5 0
5 0
5 0
5 0
5 0
5 0
5 0
6 0
6 0
6 0
6 0
6 0
6 0
6 0
6 0
6 0
6 0
7 0
7 0
7 0
7 0
7 0
7 0
7 0
7 0
7 0
7 0
8 0
8 0
8 0
8 0
8 0
8 0
8 0
8 0
8 0
8 0
9 0
9 0
9 0
9 0
9 0
9 0
9 0
9 0
9 0
9 0
10 5
10 5
10 5
10 5
10 5
10 5
10 5
10 5
10 5
10 5
11 5
11 5
11 5
11 5
11 5
11 5
11 5
11 5
11 5
11 5
12 5
12 5
12 5
12 5
12 5
12 5
12 5
12 5
12 5
12 5
13 5
13 5
13 5
13 5
13 5
13 5
13 5
13 5
13 5
13 5
14 5
14 5
14 5
14 5
14 5
14 5
14 5
14 5
14 5
14 5
15 5
15 5
15 5
15 5
15 5
15 5
15 5
15 5
15 5
15 5
16 5
16 5
16 5
16 5
16 5
16 5
16 5
16 5
16 5
16 5
17 5
17 5
17 5
17 5
17 5
17 5
17 5
17 5
17 5
17 5
18 5
18 5
18 5
18 5
18 5
18 5
18 5
18 5
18 5
18 5
19 5
19 5
19 5
19 5
19 5
19 5
19 5
19 5
19 5
19 5
20 0
20 0
20 0
20 0
20 0
20 0
20 0
20 0
20 0
20 0
21 0
21 0
21 0
21 0
21 0
21 0
21 0
21 0
21 0
21 0
22 0
22 0
22 0
22 0
22 0
22 0
22 0
22 0
22 0
22 0
23 0
23 0
23 0
23 0
23 0
23 0
23 0
23 0
23 0
23 0
24 0
24 0
24 0
24 0
24 0
24 0
24 0
24 0
24 0
24 0
25 0
25 0
25 0
25 0
25 0
25 0
25 0
25 0
25 0
25 0
26 0
26 0
26 0
26 0
26 0
26 0
26 0
26 0
26 0
26 0
27 0
27 0
27 0
27 0
27 0
27 0
27 0
27 0
27 0
27 0
28 0
28 0
28 0
28 0
28 0
28 0
28 0
28 0
28 0
28 0
29 0
29 0
29 0
29 0
29 0
29 0
29 0
29 0
29 0
29 0
30 5
30 5
30 5
30 5
30 5
30 5
30 5
30 5
30 5
30 5
31 5
31 5
31 5
31 5
31 5
31 5
31 5
31 5
31 5
31 5
32 5
32 5
32 5
32 5
32 5
32 5
32 5
32 5
32 5
32 5
33 5
33 5
33 5
33 5
33 5
33 5
33 5
33 5
33 5
33 5
34 5
34 5
34 5
34 5
34 5
34 5
34 5
34 5
34 5
34 5
35 5
35 5
35 5
35 5
35 5
35 5
35 5
35 5
35 5
35 5
36 5
36 5
36 5
36 5
36 5
36 5
36 5
36 5
36 5
36 5
37 5
37 5
37 5
37 5
37 5
37 5
37 5
37 5
37 5
37 5
38 5
38 5
38 5
38 5
38 5
38 5
38 5
38 5
38 5
38 5
39 5
39 5
39 5
39 5
39 5
39 5
39 5
39 5
39 5
39 5
40 0
40 0
40 0
40 0
40 0
40 0
40 0
40 0
40 0
40 0
41 0
41 0
41 0
41 0
41 0
41 0
41 0
41 0
41 0
41 0
42 0
42 0
42 0
42 0
42 0
42 0
42 0
42 0
42 0
42 0
43 0
43 0
43 0
43 0
43 0
43 0
43 0
43 0
43 0
43 0
44 0
44 0
44 0
44 0
44 0
44 0
44 0
44 0
44 0
44 0
45 0
45 0
45 0
45 0
45 0
45 0
45 0
45 0
45 0
45 0
46 0
46 0
46 0
46 0
46 0
46 0
46 0
46 0
46 0
46 0
47 0
47 0
47 0
47 0
47 0
47 0
47 0
47 0
47 0
47 0
48 0
48 0
48 0
48 0
48 0
48 0
48 0
48 0
48 0
48 0
49 0
49 0
49 0
49 0
49 0
49 0
49 0
49 0
49 0
49 0
50 5
50 5
50 5
50 5
50 5
50 5
50 5
50 5
50 5
50 5
51 5
51 5
51 5
51 5
51 5
51 5
51 5
51 5
51 5
51 5
52 5
52 5
52 5
52 5
52 5
52 5
52 5
52 5
52 5
52 5
53 5
53 5
53 5
53 5
53 5
53 5
53 5
53 5
53 5
53 5
54 5
54 5
54 5
54 5
54 5
54 5
54 5
54 5
54 5
54 5
55 5
55 5
55 5
55 5
55 5
55 5
55 5
55 5
55 5
55 5
56 5
56 5
56 5
56 5
56 5
56 5
56 5
56 5
56 5
56 5
57 5
57 5
57 5
57 5
57 5
57 5
57 5
57 5
57 5
57 5
58 5
58 5
58 5
58 5
58 5
58 5
58 5
58 5
58 5
58 5
59 5
59 5
59 5
59 5
59 5
59 5
59 5
59 5
59 5
59 5
60 0
60 0
60 0
60 0
60 0
60 0
60 0
60 0
60 0
60 0
61 0
61 0
61 0
61 0
61 0
61 0
61 0
61 0
61 0
61 0
62 0
62 0
62 0
62 0
62 0
62 0
62 0
62 0
62 0
62 0
63 0
63 0
63 0
63 0
63 0
63 0
63 0
63 0
63 0
63 0
64 0
64 0
64 0
64 0
64 0
64 0
64 0
64 0
64 0
64 0
65 0
65 0
65 0
65 0
65 0
65 0
65 0
65 0
65 0
65 0
66 0
66 0
66 0
66 0
66 0
66 0
66 0
66 0
66 0
66 0
67 0
67 0
67 0
67 0
67 0
67 0
67 0
67 0
67 0
67 0
68 0
68 0
68 0
68 0
68 0
68 0
68 0
68 0
68 0
68 0
69 0
69 0
69 0
69 0
69 0
69 0
69 0
69 0
69 0
69 0
70 5
70 5
70 5
70 5
70 5
70 5
70 5
70 5
70 5
70 5
71 5
71 5
71 5
71 5
71 5
71 5
71 5
71 5
71 5
71 5
72 5
72 5
72 5
72 5
72 5
72 5
72 5
72 5
72 5
72 5
73 5
73 5
73 5
73 5
73 5
73 5
73 5
73 5
73 5
73 5
74 5
74 5
74 5
74 5
74 5
74 5
74 5
74 5
74 5
74 5
75 5
75 5
75 5
75 5
75 5
75 5
75 5
75 5
75 5
75 5
76 5
76 5
76 5
76 5
76 5
76 5
76 5
76 5
76 5
76 5
77 5
77 5
77 5
77 5
77 5
77 5
77 5
77 5
77 5
77 5
78 5
78 5
78 5
78 5
78 5
78 5
78 5
78 5
78 5
78 5
79 5
79 5
79 5
79 5
79 5
79 5
79 5
79 5
79 5
79 5
80 5
80 5
80 5
80 5
80 5
80 5
80 5
80 5
80 5
80 5
81 5
81 5
81 5
81 5
81 5
81 5
81 5
81 5
81 5
81 5
82 5
82 5
82 5
82 5
82 5
82 5
82 5
82 5
82 5
82 5
83 5
83 5
83 5
83 5
83 5
83 5
83 5
83 5
83 5
83 5
84 5
84 5
84 5
84 5
84 5
84 5
84 5
84 5
84 5
84 5
85 5
85 5
85 5
85 5
85 5
85 5
85 5
85 5
85 5
85 5
86 5
86 5
86 5
86 5
86 5
86 5
86 5
86 5
86 5
86 5
87 5
87 5
87 5
87 5
87 5
87 5
87 5
87 5
87 5
87 5
88 5
88 5
88 5
88 5
88 5
88 5
88 5
88 5
88 5
88 5
89 5
89 5
89 5
89 5
89 5
89 5
89 5
89 5
89 5
89 5
90 5
90 5
90 5
90 5
90 5
90 5
90 5
90 5
90 5
90 5
91 5
91 5
91 5
91 5
91 5
91 5
91 5
91 5
91 5
91 5
92 5
92 5
92 5
92 5
92 5
92 5
92 5
92 5
92 5
92 5
93 5
93 5
93 5
93 5
93 5
93 5
93 5
93 5
93 5
93 5
94 5
94 5
94 5
94 5
94 5
94 5
94 5
94 5
94 5
94 5
95 5
95 5
95 5
95 5
95 5
95 5
95 5
95 5
95 5
95 5
96 5
96 5
96 5
96 5
96 5
96 5
96 5
96 5
96 5
96 5
97 5
97 5
97 5
97 5
97 5
97 5
97 5
97 5
97 5
97 5
98 5
98 5
98 5
98 5
98 5
98 5
98 5
98 5
98 5
98 5
99 5
99 5
99 5
99 5
99 5
99 5
99 5
99 5
99 5
99 5
100 0
100 0
100 0
100 0
100 0
100 0
100 0
100 0
100 0
100 0
101 0
101 0
101 0
101 0
101 0
101 0
101 0
101 0
101 0
101 0
102 0
102 0
102 0
102 0
102 0
102 0
102 0
102 0
102 0
102 0
103 0
103 0
103 0
103 0
103 0
103 0
103 0
103 0
103 0
103 0
104 0
104 0
104 0
104 0
104 0
104 0
104 0
104 0
104 0
104 0
105 0
105 0
105 0
105 0
105 0
105 0
105 0
105 0
105 0
105 0
106 0
106 0
106 0
106 0
106 0
106 0
106 0
106 0
106 0
106 0
107 0
107 0
107 0
107 0
107 0
107 0
107 0
107 0
107 0
107 0
108 0
108 0
108 0
108 0
108 0
108 0
108 0
108 0
108 0
108 0
109 0
109 0
109 0
109 0
109 0
109 0
109 0
109 0
109 0
109 0
110 0
110 0
110 0
110 0
110 0
110 0
110 0
110 0
110 0
110 0
111 0
111 0
111 0
111 0
111 0
111 0
111 0
111 0
111 0
111 0
112 0
112 0
112 0
112 0
112 0
112 0
112 0
112 0
112 0
112 0
113 0
113 0
113 0
113 0
113 0
113 0
113 0
113 0
113 0
113 0
114 0
114 0
114 0
114 0
114 0
114 0
114 0
114 0
114 0
114 0
115 0
115 0
115 0
115 0
115 0
115 0
115 0
115 0
115 0
115 0
116 0
116 0
116 0
116 0
116 0
116 0
116 0
116 0
116 0
116 0
117 0
117 0
117 0
117 0
117 0
117 0
117 0
117 0
117 0
117 0
118 0
118 0
118 0
118 0
118 0
118 0
118 0
118 0
118 0
118 0
119 0
119 0
119 0
119 0
119 0
119 0
119 0
119 0
119 0
119 0
120 0
120 0
120 0
120 0
120 0
120 0
120 0
120 0
120 0
120 0
121 0
121 0
121 0
121 0
121 0
121 0
121 0
121 0
121 0
121 0
122 0
122 0
122 0
122 0
122 0
122 0
122 0
122 0
122 0
122 0
123 0
123 0
123 0
123 0
123 0
123 0
123 0
123 0
123 0
123 0
124 0
124 0
124 0
124 0
124 0
124 0
124 0
124 0
124 0
124 0
125 0
125 0
125 0
125 0
125 0
125 0
125 0
125 0
125 0
125 0
126 0
126 0
126 0
126 0
126 0
126 0
126 0
126 0
126 0
126 0
127 0
127 0
127 0
127 0
127 0
127 0
127 0
127 0
127 0
127 0
128 0
128 0
128 0
128 0
128 0
128 0
128 0
128 0
128 0
128 0
129 0
129 0
129 0
129 0
129 0
129 0
129 0
129 0
129 0
129 0
